[jensen.jpg]
filters=finetune2=1,0.479532,0.000000,0.000000,00000000,0.000000;
moddate=7e0ddff2ca57d901
width=734
height=1042
textactive=0
